2,4
F_VECTOR
6 12 8

2,5
F_VECTOR
10 30 30 10

2,6
F_VECTOR
15 60 80 45 12

2,7
F_VECTOR
21 105 175 140 63 14

2,8
F_VECTOR
28 168 336 350 224 84 16

2,9
F_VECTOR
36 252 588 756 630 336 108 18

2,10
F_VECTOR
45 360 960 1470 1512 1050 480 135 20

2,11
F_VECTOR
55 495 1485 2640 3234 2772 1650 660 165 22

2,12
F_VECTOR
66 660 2200 4455 6336 6468 4752 2475 880 198 24

2,13
F_VECTOR
78 858 3146 7150 11583 13728 12012 7722 3575 1144 234 26

2,14
F_VECTOR
91 1092 4368 11011 20020 27027 27456 21021 12012 5005 1456 273 28

2,15
F_VECTOR
105 1365 5915 16380 33033 50050 57915 51480 35035 18018 6825 1820 315 30
