3,5
F_VECTOR
10 30 30 10

3,6
F_VECTOR
20 90 120 60 12

3,7
F_VECTOR
35 210 350 245 84 14

3,8
F_VECTOR
56 420 840 770 392 112 16

3,9
F_VECTOR
84 756 1764 2016 1386 588 144 18

3,10
F_VECTOR
120 1260 3360 4620 4032 2310 840 180 20

3,11
F_VECTOR
165 1980 5940 9570 10164 7392 3630 1155 220 22

3,12
F_VECTOR
220 2970 9900 18315 22968 20328 12672 5445 1540 264 24

3,13
F_VECTOR
286 4290 15730 32890 47619 49764 37752 20592 7865 2002 312 26

3,14
F_VECTOR
364 6006 24024 56056 92092 111111 99528 66066 32032 11011 2548 364 28

3,15
F_VECTOR
455 8190 35490 91455 168168 230230 238095 186615 110110 48048 15015 3185 420 30
