3,5
H_VECTOR
1 6 6 -4 1 

3,6
H_VECTOR
1 15 20 -40 15 1 

3,7
H_VECTOR
1 29 50 -160 120 -27 1 

3,8
H_VECTOR
1 49 105 -455 525 -259 49 1 

3,9
H_VECTOR
1 76 196 -1064 1666 -1274 490 -74 1 

3,10
H_VECTOR
1 111 336 -2184 4326 -4494 2646 -834 111 1 

3,11
H_VECTOR
1 155 540 -4080 9780 -12858 10242 -4938 1332 -153 1 

3,12
H_VECTOR
1 209 825 -7095 19965 -31779 31977 -20823 8547 -2013 209 1 

3,13
H_VECTOR
1 274 1210 -11660 37675 -70433 85723 -70433 38962 -13948 2926 -272 1 

3,14
H_VECTOR
1 351 1716 -18304 66781 -143429 204919 -203489 141856 -68354 21736 -4108 351 1 

3,15
H_VECTOR
1 441 2366 -27664 112476 -272909 447811 -521729 439231 -266474 113906 -32604 5616 -439 1
