2,4
H_VECTOR
1 3 3 1 

2,5
H_VECTOR
1 6 6 -4 1 

2,6
H_VECTOR
1 10 10 -20 10 1 

2,7
H_VECTOR
1 15 15 -55 50 -13 1 

2,8
H_VECTOR
1 21 21 -119 161 -91 21 1 

2,9
H_VECTOR
1 28 28 -224 406 -350 154 -26 1 

2,10
H_VECTOR
1 36 36 -384 876 -1014 666 -234 36 1 

2,11
H_VECTOR
1 45 45 -615 1695 -2463 2157 -1143 342 -43 1 

2,12
H_VECTOR
1 55 55 -935 3025 -5291 5797 -4103 1837 -473 55 1 

2,13
H_VECTOR
1 66 66 -1364 5071 -10373 13651 -12089 7216 -2794 638 -64 1 

2,14
H_VECTOR
1 78 78 -1924 8086 -18941 29107 -30953 23101 -11934 4082 -832 78 1 

2,15
H_VECTOR
1 91 91 -2639 12376 -32669 57421 -71279 63856 -41249 18811 -5759 1066 -89 1 

