3,5
H_VECTOR
1 6 6 -4 1 

3,6
H_VECTOR
1 7 22 2 -13 1 

3,7
H_VECTOR
1 8 29 29 -6 -27 1 

3,8
H_VECTOR
1 9 37 37 37 -19 -47 1 

3,9
H_VECTOR
1 10 46 46 46 46 -38 -74 1 

3,10
H_VECTOR
1 11 56 56 56 56 56 -64 -109 1 

3,11
H_VECTOR
1 12 67 67 67 67 67 67 -98 -153 1 

3,12
H_VECTOR
1 13 79 79 79 79 79 79 79 -141 -207 1 

3,13
H_VECTOR
1 14 92 92 92 92 92 92 92 92 -194 -272 1 

3,14
H_VECTOR
1 15 106 106 106 106 106 106 106 106 106 -258 -349 1 

3,15
H_VECTOR
1 16 121 121 121 121 121 121 121 121 121 121 -334 -439 1 
